Variety	Vigour	NFruits	Seeds	SepalLength	PetalLength	Brix_Day1	Brix_Day2	Brix_Day3	Acidity	FruitWeight	LeafWeight	Yield
Variety1	1	25	5	10	0	15	21.2	20	33.33333333	66.66666667	111.92	2798
Variety1	2	24	4	8	0	13	22.4	23.6	30.76923077	61.53846154	78.17	1797.91
Variety1	1	24	4	10	0	14	21.8	25	28.57142857	71.42857143	90.55	2082.65
Variety1	1	16	8	4	0	12	21.2	23.2	66.66666667	33.33333333	83.97	1343.52
Variety1	1	22	6	8	0	14	20.4	23.4	42.85714286	57.14285714	120.95	2660.9
Variety1	1	26	9	7	1	17	19.6	21.2	52.94117647	41.17647059	113.45	2609.35
Variety1	1	26	6	10	0	16	22.7	22.4	37.5	62.5	89.59	2239.75
Variety1	1	25	3	9	0	13	18.8	24.8	23.07692308	69.23076923	74.31	1857.75
Variety1	1	15	3	6	0	9	19.8	23.6	33.33333333	66.66666667	97.1	1456.5
Variety1	1	16	6	5	0	11	19.2	21.6	54.54545455	45.45454545	92.17	1474.72
Variety1	3	27	7	7	2	16	21.6	21.2	43.75	43.75	103.35	2687.1
Variety1	2	22	7	6	1	14	21	21.8	50	42.85714286	100.95	2220.9
Variety1	2	22	7	6	1	14	21.8	22.6	50	42.85714286	95.05	2091.1
Variety1	3	15	5	5	0	10	22.4	24.2	50	50	122.52	1592.76
Variety1	2	14	4	5	0	9	22	23.2	44.44444444	55.55555556	87.28	1309.2
Variety1	2	21	3	9	0	12	21	22.2	25	75	95.65	2199.95
Variety1	2	15	3	6	0	9	19.8	21.2	33.33333333	66.66666667	102.61	1641.76
Variety1	2	14	6	4	0	10	19.6	21	60	40	117.02	1638.28
Variety1	2	14	4	5	0	9	20.4	22.4	44.44444444	55.55555556	122.67	2698.74
Variety1	2	22	4	9	0	13	19.8	23.2	30.76923077	69.23076923	128.7	3088.8
Variety1	2	27	9	9	0	18	20	22.2	50	50	110.25	2646
Variety1	2	35	9	13	0	22	18.8	21.8	40.90909091	59.09090909	137.47	4399.04
Variety1	2	25	13	6	0	19	19.2	21.6	68.42105263	31.57894737	170.95	4102.8
Variety1	2	36	16	10	0	26	20.4	22.2	61.53846154	38.46153846	163.71	5729.85
Variety1	1	29	12	7	1	20	21.1	22.2	60	35	119.85	3475.65
Variety1	2	28	6	11	0	17	17.8	24	35.29411765	64.70588235	179.32	4841.64
Variety1	1	27	6	9	1	16	19.2	20.2	37.5	56.25	194.6	5254.2
Variety1	1	26	6	10	0	16	19.8	22.2	37.5	62.5	192.54	5006.04
Variety1	2	31	8	10	1	19	20.6	23	42.10526316	52.63157895	112.14	3364.2
Variety1	3	28	8	10	0	18	19.6	21.8	44.44444444	55.55555556	131.2	3542.4
Variety2	3	31	17	7	0	24	13.6	14	70.83333333	29.16666667	329.46	9883.8
Variety2	2	8	6	1	0	7	19.2	19	85.71428571	14.28571429	713.36	7133.6
Variety2	1	1	1	0	0	1	21.8	23	100	0	685.66	685.66
Variety2	2	7	7	0	0	7	15.4	18.2	100	0	564.46	3951.22
Variety2	2	8	8	0	0	8	15.6	19	100	0	492.23	3445.61
Variety2	1	2	2	0	0	2	23.6	21.8	100	0	529.64	1059.28
Variety2	2	5	5	0	0	5	22.4	22	100	0	374.66	1873.3
Variety2	1	2	2	0	0	2	16	16.8	100	0	472.36	944.72
Variety2	3	15	13	1	0	14	15	13.8	92.85714286	7.142857143	593.26	8898.9
Variety2	1	7	7	0	0	7	19.4	18.8	100	0	424.22	2969.54
Variety2	2	11	4	2	1	7	19.2	18.6	57.14285714	28.57142857	523.36	5756.96
Variety2	1	13	7	3	0	10	19	20.2	70	30	583.7	5837
Variety2	1	8	5	0	1	6	19.8	19.2	83.33333333	0	870.96	5225.76
Variety2	1	10	3	2	1	6	19.2	20.8	50	33.33333333	887.26	7098.08
Variety2	2	11	5	3	0	8	17.9	19.8	62.5	37.5	425.56	4255.6
Variety2	2	12	7	1	1	9	19	19.2	77.77777778	11.11111111	490.56	5396.16
Variety2	1	13	7	3	0	10	17.8	18	70	30	374.76	4871.88
Variety2	2	7	3	2	0	5	14.8	15.6	60	40	517.76	3624.32
Variety2	2	12	6	0	2	8	14.8	18.2	75	0	496.48	5957.76
Variety2	2	15	8	2	1	11	19.2	17.2	72.72727273	18.18181818	444.66	6225.24
Variety3	1	2	2	0	0	2	22.2	24.2	100	0	93.18	186.36
Variety3	2	8	4	2	0	6	24	24.2	66.66666667	33.33333333	191.15	1911.5
Variety3	2	17	5	6	0	11	20.4	23.4	45.45454545	54.54545455	187.14	3181.38
Variety3	3	21	11	5	0	16	18.9	21.2	68.75	31.25	365.05	6935.95
Variety3	1	5	5	0	0	5	15.4	21.2	100	0	208.88	1044.4
Variety3	3	20	8	6	0	14	18	19.4	57.14285714	42.85714286	248.68	4973.6
Variety3	3	20	6	7	0	13	17.4	21.4	46.15384615	53.84615385	486.66	9733.2
Variety3	2	12	8	2	0	10	18.2	19.2	80	20	485.27	5337.97
Variety3	3	15	9	3	0	12	19	21.2	75	25	324.58	4544.12
Variety3	2	15	9	3	0	12	21.4	22.6	75	25	282.35	4235.25
Variety3	3	15	9	3	0	12	19.6	22.4	75	25	696.56	10448.4
Variety3	3	17	9	4	0	13	19.6	22	69.23076923	30.76923077	269.98	4589.66
Variety3	2	12	10	1	0	11	21	23.4	90.90909091	9.090909091	382.38	4970.94
Variety3	3	17	13	2	0	15	20.8	23	86.66666667	13.33333333	514.01	8224.16
Variety3	2	11	7	2	0	9	22.2	24	77.77777778	22.22222222	281.18	3092.98
Variety3	2	14	10	2	0	12	17.4	20	83.33333333	16.66666667	222.7	3117.8
Variety3	1	9	7	1	0	8	22	22.2	87.5	12.5	266.13	2395.17
Variety3	2	12	12	0	0	12	16.4	20.4	100	0	241.96	4355.28
Variety3	2	17	9	4	0	13	19.8	21.2	69.23076923	30.76923077	224.98	3824.66
Variety3	3	14	10	2	0	12	18.9	22.1	83.33333333	16.66666667	295.79	4141.06
Variety4	1	12	10	1	0	11	20.5	25.2	90.90909091	9.090909091	267.95	2143.6
Variety4	1	12	8	2	0	10	20.2	20.4	80	20	309.66	2786.94
Variety4	1	6	6	0	0	6	21.2	23.8	100	0	292.02	1460.1
Variety4	1	6	6	0	0	6	23.8	21.2	100	0	391.74	1566.96
Variety4	1	10	8	1	0	9	21.4	24	88.88888889	11.11111111	501.55	5015.5
Variety4	1	11	4	2	1	7	23.6	23.2	57.14285714	28.57142857	407.91	3671.19
Variety4	1	18	8	5	0	13	23	23.2	61.53846154	38.46153846	449.31	6739.65
Variety4	1	6	6	0	0	6	20.8	20.8	100	0	400.31	2001.55
Variety4	1	6	6	0	0	6	22.2	24	100	0	431.81	2159.05
Variety4	1	10	6	2	0	8	25.8	21.4	75	25	478.91	4789.1
Variety4	2	10	10	0	0	10	21.6	21.8	100	0	441.01	3969.09
Variety4	2	11	11	0	0	11	20.8	23	100	0	356.85	4282.2
Variety4	2	14	6	4	0	10	21.4	20.4	60	40	438.76	5703.88
Variety4	2	16	10	3	0	13	19	24	76.92307692	23.07692308	384.61	6922.98
Variety4	2	23	9	7	0	16	24.6	24	56.25	43.75	584.51	11690.2
Variety4	3	15	5	5	0	10	22.8	24.6	50	50	271.35	3256.2
Variety4	2	19	5	7	0	12	22.4	23.6	41.66666667	58.33333333	360.56	5768.96
Variety4	3	17	9	4	0	13	18.6	23.2	69.23076923	30.76923077	630.71	11352.78
Variety4	3	15	9	3	0	12	20.4	21.2	75	25	474.81	7596.96
Variety4	2	25	8	7	1	16	18	22.5	50	43.75	488.71	11240.33
Variety2	2	14	10	2	0	12	14.2	14	83.33333333	16.66666667	514.57	6174.84
Variety2	3	11	5	3	0	8	18	16.2	62.5	37.5	572.31	6295.41
Variety2	1	10	8	1	0	9	13.6	16.4	88.88888889	11.11111111	461.15	4611.5
Variety2	1	8	8	0	0	8	15	14.2	100	0	683.49	5467.92
Variety2	3	22	18	2	0	20	15.2	16	90	10	531.2	11155.2
Variety2	1	11	5	3	0	8	18	20	62.5	37.5	458.21	5040.31
Variety2	2	12	10	1	0	11	16	17	90.90909091	9.090909091	554.76	6102.36
Variety2	2	13	9	2	0	11	14.2	16.2	81.81818182	18.18181818	617.67	8647.38
Variety2	1	9	9	0	0	9	16.2	18	100	0	475.14	4276.26
Variety2	2	12	10	1	0	11	14.8	16.4	90.90909091	9.090909091	423.69	5084.28
Variety2	1	14	8	3	0	11	15.6	16.2	72.72727273	27.27272727	380.35	5324.9
Variety2	1	19	3	8	0	11	15.4	15	27.27272727	72.72727273	321.29	5783.22
Variety2	1	12	6	3	0	9	15	16.6	66.66666667	33.33333333	333.12	3997.44
Variety2	2	17	5	6	0	11	15.2	16.4	45.45454545	54.54545455	415.67	7066.39
Variety2	1	9	5	2	0	7	14	17.5	71.42857143	28.57142857	409.97	4509.67
Variety2	1	9	5	2	0	7	14.2	15	71.42857143	28.57142857	301.27	3615.24
Variety2	1	9	7	1	0	8	16.8	17.2	87.5	12.5	553.07	4977.63
Variety2	1	14	12	1	0	13	19.2	21.2	92.30769231	7.692307692	436.88	5679.44
Variety2	1	13	13	0	0	13	17.4	16.4	100	0	336.64	4376.32
Variety2	1	11	7	2	0	9	16.2	18.2	77.77777778	22.22222222	433.23	4765.5